[[[518, 59], [520, 55], [521, 55], [523, 55], [517, 56], [516, 57], [515, 58], [526, 57], [516, 61], [522, 63], [518, 64], [534, 76], [518, 80], [547, 109], [524, 114], [547, 131], [524, 131], [549, 136], [519, 130], [543, 129], [520, 130], [546, 133], [523, 133], [544, 140], [540, 140], [544, 166], [539, 162], [558, 198], [539, 193], [564, 203], [542, 199], [551, 206], [528, 203]], 0]
[[[516, 59], [516, 55], [516, 54], [517, 54], [514, 56], [513, 56], [513, 57], [519, 55], [514, 58], [519, 62], [516, 63], [519, 77], [524, 74], [524, 105], [527, 97], [520, 114], [523, 98], [517, 113], [522, 100], [517, 110], [517, 101], [519, 113], [519, 99], [536, 139], [543, 134], [540, 167], [544, 163], [552, 200], [550, 196], [557, 205], [554, 201], [546, 205], [545, 206]], 0]
[[[514, 57], [514, 53], [516, 52], [517, 52], [512, 55], [511, 56], [510, 57], [521, 53], [511, 58], [517, 60], [514, 62], [533, 68], [513, 76], [536, 94], [514, 101], [540, 116], [508, 107], [537, 120], [506, 110], [535, 120], [507, 111], [534, 119], [508, 110], [537, 124], [527, 123], [533, 160], [531, 161], [567, 202], [547, 200], [574, 206], [551, 206], [562, 217], [540, 214]], 0]
[[[511, 58], [512, 54], [513, 53], [514, 52], [509, 56], [508, 56], [508, 57], [518, 53], [509, 58], [515, 61], [511, 63], [532, 67], [511, 76], [537, 93], [511, 101], [540, 115], [507, 109], [542, 122], [506, 113], [536, 121], [506, 114], [537, 120], [506, 111], [533, 121], [524, 122], [528, 159], [530, 161], [549, 201], [541, 203], [556, 206], [545, 209], [542, 216], [535, 217]], 0]
[[[509, 58], [510, 53], [511, 52], [512, 52], [507, 55], [506, 56], [505, 56], [516, 52], [507, 57], [513, 59], [510, 62], [532, 66], [510, 74], [538, 89], [507, 96], [540, 113], [501, 109], [543, 120], [500, 113], [539, 120], [500, 113], [537, 118], [501, 112], [531, 115], [521, 119], [526, 149], [525, 148], [526, 178], [534, 191], [528, 184], [538, 197], [522, 188], [523, 193]], 0]
[[[508, 59], [507, 54], [508, 53], [509, 53], [505, 56], [505, 57], [504, 58], [513, 53], [506, 60], [512, 61], [509, 64], [522, 69], [512, 76], [529, 93], [512, 102], [522, 114], [504, 109], [523, 120], [501, 112], [518, 119], [501, 112], [518, 118], [503, 112], [535, 125], [533, 128], [523, 145], [526, 148], [525, 178], [521, 177], [530, 185], [523, 183], [511, 191], [507, 190]], 0]
[[[507, 58], [507, 53], [508, 52], [509, 52], [504, 55], [503, 56], [502, 57], [514, 52], [504, 59], [511, 60], [507, 63], [530, 66], [507, 75], [534, 90], [504, 98], [534, 113], [498, 113], [535, 120], [495, 118], [532, 120], [495, 118], [530, 116], [497, 117], [528, 119], [519, 121], [521, 154], [522, 153], [524, 180], [520, 180], [526, 185], [526, 192], [518, 190], [511, 192]], 0]
[[[504, 59], [503, 54], [504, 53], [505, 53], [501, 57], [501, 57], [500, 58], [509, 52], [502, 58], [508, 61], [505, 63], [523, 65], [506, 73], [528, 87], [505, 94], [527, 111], [496, 112], [529, 117], [494, 117], [524, 116], [493, 118], [523, 114], [495, 116], [525, 114], [519, 116], [518, 139], [522, 147], [525, 179], [523, 180], [530, 185], [526, 186], [509, 193], [509, 193]], 0]
[[[502, 60], [501, 55], [502, 54], [503, 53], [499, 57], [499, 57], [498, 58], [508, 52], [501, 58], [506, 61], [503, 64], [526, 65], [505, 75], [529, 89], [502, 96], [528, 115], [495, 117], [528, 122], [492, 122], [526, 123], [491, 124], [524, 121], [493, 121], [530, 120], [523, 123], [518, 145], [518, 148], [521, 184], [522, 189], [525, 193], [526, 196], [505, 197], [503, 194]], 0]
[[[500, 57], [500, 52], [501, 51], [502, 50], [498, 54], [497, 55], [497, 55], [507, 49], [499, 55], [504, 58], [501, 60], [521, 62], [503, 73], [529, 84], [502, 94], [530, 113], [493, 118], [532, 121], [489, 124], [528, 122], [490, 125], [526, 119], [491, 123], [534, 113], [528, 118], [515, 138], [518, 145], [520, 182], [526, 186], [525, 191], [531, 193], [503, 196], [506, 194]], 0]
[[[499, 57], [499, 52], [500, 51], [501, 50], [497, 54], [496, 55], [496, 55], [506, 50], [499, 55], [503, 59], [500, 61], [522, 61], [502, 73], [525, 85], [500, 94], [526, 112], [492, 116], [528, 120], [489, 122], [524, 121], [489, 124], [522, 119], [491, 122], [522, 109], [515, 113], [513, 136], [513, 142], [519, 182], [523, 177], [523, 189], [527, 184], [503, 198], [510, 192]], 0]
[[[497, 56], [498, 51], [499, 50], [500, 49], [496, 53], [495, 54], [495, 54], [505, 48], [498, 54], [502, 58], [499, 59], [520, 59], [502, 72], [522, 85], [500, 99], [521, 114], [494, 120], [521, 123], [492, 127], [516, 124], [492, 127], [515, 122], [493, 125], [520, 112], [512, 116], [512, 145], [514, 150], [514, 186], [529, 183], [517, 192], [534, 187], [502, 199], [521, 196]], 0]
[[[496, 56], [497, 51], [498, 50], [499, 49], [494, 53], [494, 53], [494, 53], [504, 48], [497, 53], [501, 58], [498, 59], [519, 59], [502, 70], [523, 85], [500, 96], [520, 114], [493, 118], [520, 122], [492, 125], [516, 122], [492, 126], [515, 120], [493, 124], [520, 112], [512, 115], [512, 146], [513, 148], [515, 186], [520, 183], [519, 191], [524, 189], [502, 197], [506, 194]], 0]
[[[495, 56], [495, 51], [496, 50], [497, 49], [493, 53], [493, 53], [493, 53], [502, 47], [497, 52], [499, 57], [497, 59], [517, 56], [502, 69], [524, 81], [503, 94], [521, 112], [496, 117], [521, 119], [495, 123], [517, 120], [495, 123], [516, 118], [496, 122], [518, 110], [510, 113], [512, 147], [505, 146], [520, 182], [515, 181], [522, 188], [520, 187], [508, 200], [499, 195]], 0]
[[[491, 55], [491, 51], [492, 50], [492, 50], [490, 52], [490, 52], [490, 52], [498, 48], [495, 51], [495, 57], [493, 58], [513, 57], [502, 66], [521, 81], [504, 91], [519, 109], [499, 119], [519, 118], [497, 126], [515, 118], [497, 126], [515, 116], [498, 123], [515, 112], [509, 114], [508, 149], [503, 147], [518, 186], [516, 179], [523, 190], [521, 184], [504, 197], [501, 193]], 0]
[[[490, 55], [490, 50], [490, 49], [491, 49], [489, 51], [489, 52], [489, 52], [497, 47], [493, 51], [494, 56], [493, 57], [512, 57], [501, 66], [520, 81], [504, 93], [517, 109], [499, 119], [517, 118], [499, 125], [513, 118], [497, 126], [512, 115], [498, 124], [514, 113], [508, 115], [507, 149], [500, 146], [517, 186], [516, 180], [521, 190], [520, 184], [502, 197], [500, 192]], 0]
[[[490, 54], [490, 49], [490, 48], [491, 47], [488, 51], [488, 51], [488, 51], [497, 45], [492, 51], [494, 55], [492, 57], [510, 57], [501, 64], [517, 82], [508, 93], [513, 113], [504, 118], [514, 123], [499, 127], [511, 122], [497, 128], [510, 119], [501, 124], [514, 117], [510, 118], [502, 143], [496, 141], [516, 186], [510, 182], [519, 193], [515, 187], [499, 198], [493, 193]], 0]
[[[489, 54], [489, 49], [490, 48], [491, 47], [487, 51], [487, 51], [487, 52], [495, 46], [489, 51], [493, 55], [491, 57], [508, 57], [500, 63], [516, 82], [508, 89], [512, 111], [503, 116], [513, 121], [502, 122], [509, 120], [498, 123], [509, 117], [500, 121], [512, 116], [508, 118], [503, 153], [496, 144], [510, 184], [502, 182], [513, 192], [506, 189], [495, 199], [484, 193]], 0]
[[[486, 54], [487, 50], [488, 49], [489, 48], [485, 51], [485, 51], [485, 51], [495, 47], [488, 51], [490, 56], [488, 57], [509, 60], [500, 60], [512, 95], [502, 81], [508, 120], [500, 100], [513, 133], [498, 100], [505, 127], [495, 102], [506, 125], [496, 101], [512, 115], [507, 114], [511, 152], [494, 147], [512, 187], [500, 182], [514, 193], [502, 187], [503, 203], [488, 193]], 0]
[[[485, 56], [485, 51], [485, 50], [486, 49], [483, 53], [483, 53], [483, 53], [492, 48], [486, 53], [489, 58], [487, 59], [505, 56], [496, 62], [510, 84], [502, 87], [506, 115], [498, 117], [506, 124], [495, 125], [503, 126], [494, 126], [503, 123], [495, 124], [512, 112], [508, 114], [508, 149], [496, 145], [510, 191], [499, 188], [516, 197], [502, 190], [495, 204], [485, 193]], 0]
[[[482, 57], [482, 53], [482, 53], [483, 52], [481, 54], [481, 54], [482, 54], [487, 49], [485, 52], [486, 58], [485, 59], [501, 58], [493, 62], [507, 82], [501, 85], [503, 108], [500, 111], [503, 116], [498, 117], [501, 117], [497, 118], [501, 115], [498, 115], [511, 109], [503, 110], [506, 147], [492, 147], [511, 188], [493, 185], [512, 191], [498, 189], [507, 200], [481, 193]], 0]
[[[480, 58], [480, 54], [480, 53], [481, 52], [479, 55], [479, 55], [479, 55], [485, 49], [482, 52], [484, 58], [483, 60], [498, 57], [493, 63], [504, 83], [503, 89], [499, 112], [501, 114], [498, 120], [502, 122], [497, 121], [499, 122], [497, 119], [499, 121], [509, 109], [503, 110], [505, 148], [493, 147], [511, 187], [491, 184], [512, 191], [494, 190], [504, 201], [470, 198]], 0]
[[[477, 58], [477, 53], [477, 53], [477, 52], [476, 55], [477, 55], [477, 55], [482, 49], [480, 53], [481, 58], [481, 59], [495, 55], [490, 63], [503, 81], [499, 88], [499, 110], [497, 113], [499, 117], [497, 120], [497, 118], [496, 121], [497, 116], [496, 119], [509, 105], [503, 107], [502, 145], [489, 145], [512, 186], [486, 184], [513, 190], [491, 189], [504, 200], [471, 194]], 0]
[[[478, 58], [477, 54], [477, 53], [478, 52], [476, 56], [475, 56], [475, 56], [481, 49], [478, 54], [482, 59], [480, 60], [495, 57], [488, 63], [503, 84], [499, 88], [497, 112], [496, 113], [497, 118], [497, 119], [495, 119], [494, 119], [495, 117], [495, 117], [508, 108], [501, 109], [502, 148], [489, 146], [512, 185], [488, 184], [515, 190], [491, 190], [501, 196], [471, 192]], 0]
[[[475, 57], [473, 53], [474, 52], [474, 50], [472, 55], [472, 56], [472, 56], [478, 49], [474, 56], [479, 57], [478, 59], [493, 58], [484, 65], [500, 87], [494, 89], [495, 114], [493, 114], [495, 120], [493, 121], [493, 121], [491, 121], [494, 119], [492, 119], [507, 105], [499, 107], [497, 144], [487, 146], [511, 183], [487, 185], [514, 187], [490, 191], [503, 197], [470, 196]], 0]
[[[471, 60], [470, 57], [471, 56], [472, 55], [470, 58], [470, 58], [470, 58], [476, 52], [473, 56], [476, 60], [475, 61], [490, 58], [482, 64], [500, 85], [494, 89], [494, 112], [492, 114], [493, 119], [492, 121], [491, 119], [491, 121], [491, 117], [492, 119], [506, 107], [500, 109], [497, 149], [490, 149], [509, 190], [488, 188], [517, 196], [485, 196], [498, 203], [471, 195]], 0]
[[[464, 62], [462, 58], [463, 57], [463, 56], [462, 59], [463, 59], [463, 58], [468, 52], [467, 55], [469, 60], [469, 61], [488, 58], [480, 62], [500, 84], [493, 89], [493, 112], [491, 114], [492, 119], [491, 121], [490, 119], [490, 121], [491, 118], [491, 119], [503, 110], [500, 111], [490, 148], [495, 150], [488, 193], [497, 190], [494, 197], [502, 198], [474, 197], [481, 198]], 0]
[[[464, 65], [462, 61], [463, 60], [463, 60], [462, 62], [462, 62], [463, 61], [468, 55], [466, 58], [469, 64], [468, 65], [486, 60], [478, 65], [498, 84], [491, 88], [490, 111], [492, 113], [489, 119], [492, 119], [487, 119], [490, 119], [488, 117], [490, 117], [503, 110], [499, 110], [489, 148], [490, 148], [493, 190], [493, 187], [496, 196], [492, 195], [480, 197], [470, 196]], 0]
[[[464, 69], [462, 64], [462, 64], [463, 63], [462, 65], [462, 65], [462, 64], [467, 59], [465, 62], [467, 68], [467, 69], [483, 60], [479, 67], [497, 79], [491, 86], [492, 110], [494, 110], [491, 119], [494, 116], [489, 118], [491, 117], [489, 116], [492, 115], [503, 112], [501, 114], [486, 150], [490, 149], [494, 192], [497, 189], [501, 199], [502, 191], [477, 199], [481, 199]], 0]
[[[460, 69], [457, 66], [458, 65], [458, 64], [457, 66], [458, 66], [458, 65], [462, 59], [461, 61], [464, 68], [464, 69], [482, 61], [475, 65], [498, 83], [487, 82], [489, 110], [488, 102], [487, 118], [488, 107], [486, 119], [486, 103], [486, 116], [486, 103], [503, 111], [499, 112], [485, 150], [484, 149], [500, 187], [476, 188], [508, 191], [481, 196], [490, 199], [465, 196]], 0]
[[[461, 73], [458, 70], [458, 69], [458, 68], [458, 70], [458, 70], [458, 70], [462, 63], [460, 66], [464, 72], [464, 73], [480, 64], [476, 67], [494, 87], [482, 79], [485, 109], [475, 84], [484, 116], [475, 86], [483, 116], [473, 84], [483, 114], [473, 84], [501, 112], [497, 111], [481, 148], [483, 146], [495, 185], [483, 187], [501, 188], [484, 193], [484, 195], [466, 196]], 0]
[[[460, 74], [457, 71], [457, 70], [457, 69], [457, 71], [457, 71], [458, 70], [461, 65], [460, 66], [463, 73], [463, 74], [479, 65], [477, 69], [492, 88], [492, 90], [483, 111], [487, 115], [483, 118], [486, 121], [481, 118], [484, 121], [482, 116], [485, 118], [500, 113], [497, 112], [479, 149], [480, 147], [492, 188], [490, 183], [498, 193], [495, 190], [472, 196], [471, 193]], 0]
[[[460, 75], [457, 72], [457, 71], [457, 71], [457, 72], [457, 72], [457, 71], [459, 66], [459, 68], [463, 74], [463, 74], [477, 66], [475, 70], [490, 89], [490, 90], [483, 112], [487, 112], [482, 119], [484, 119], [480, 119], [483, 120], [480, 118], [484, 118], [499, 115], [496, 113], [477, 151], [476, 147], [488, 188], [485, 182], [495, 194], [490, 188], [470, 198], [467, 194]], 0]
[[[458, 78], [456, 75], [456, 74], [456, 74], [456, 75], [456, 74], [456, 74], [458, 69], [458, 70], [462, 77], [461, 77], [474, 68], [475, 71], [488, 90], [491, 93], [480, 112], [487, 116], [479, 120], [485, 124], [477, 120], [483, 123], [478, 118], [484, 121], [497, 116], [497, 115], [475, 151], [476, 148], [484, 189], [483, 185], [489, 195], [488, 192], [466, 197], [467, 195]], 0]
[[[456, 77], [453, 74], [453, 73], [453, 73], [454, 74], [454, 73], [454, 73], [456, 69], [456, 69], [460, 77], [460, 77], [473, 70], [475, 71], [485, 93], [490, 92], [479, 115], [486, 113], [478, 121], [485, 120], [477, 121], [484, 120], [477, 119], [484, 118], [496, 119], [495, 117], [471, 149], [473, 146], [481, 189], [481, 186], [486, 196], [485, 191], [461, 197], [463, 194]], 0]
[[[454, 76], [452, 73], [452, 73], [452, 72], [452, 73], [452, 73], [453, 72], [455, 68], [455, 69], [458, 76], [458, 76], [472, 72], [473, 72], [485, 94], [487, 94], [479, 116], [485, 117], [476, 123], [481, 125], [474, 123], [480, 124], [476, 120], [481, 122], [496, 119], [494, 118], [471, 150], [472, 148], [475, 191], [475, 187], [479, 198], [478, 194], [453, 198], [452, 195]], 0]
[[[451, 78], [450, 74], [450, 73], [450, 73], [450, 74], [450, 74], [450, 73], [454, 69], [452, 70], [455, 78], [455, 78], [469, 73], [469, 74], [481, 92], [485, 96], [476, 115], [481, 121], [475, 122], [480, 125], [474, 122], [478, 126], [474, 120], [479, 124], [495, 118], [495, 117], [470, 148], [474, 147], [470, 191], [474, 187], [475, 198], [479, 193], [448, 198], [452, 195]], 0]
[[[451, 84], [448, 81], [448, 81], [449, 80], [449, 81], [449, 80], [449, 80], [451, 75], [452, 75], [454, 84], [454, 83], [467, 76], [468, 77], [483, 96], [486, 98], [475, 117], [483, 121], [473, 124], [480, 128], [471, 124], [479, 127], [472, 123], [479, 125], [494, 119], [494, 118], [468, 149], [471, 149], [467, 191], [474, 188], [471, 199], [478, 196], [447, 198], [452, 195]], 0]
[[[449, 86], [447, 83], [447, 83], [447, 82], [447, 83], [448, 83], [448, 82], [450, 77], [450, 77], [453, 85], [453, 85], [463, 78], [467, 76], [479, 99], [480, 96], [471, 121], [475, 114], [470, 128], [474, 119], [467, 128], [474, 126], [468, 126], [475, 125], [492, 121], [494, 119], [466, 151], [472, 152], [467, 191], [477, 189], [471, 197], [481, 195], [450, 198], [456, 197]], 0]
[[[448, 89], [446, 86], [446, 86], [446, 85], [446, 86], [447, 85], [447, 85], [449, 79], [449, 79], [452, 88], [452, 87], [463, 80], [466, 78], [478, 102], [479, 101], [469, 124], [477, 123], [467, 131], [475, 129], [464, 130], [472, 130], [465, 128], [473, 127], [491, 123], [493, 122], [464, 151], [470, 152], [466, 191], [476, 189], [469, 198], [479, 196], [449, 198], [457, 196]], 0]
[[[445, 93], [443, 90], [443, 90], [443, 90], [443, 90], [444, 90], [444, 89], [446, 84], [447, 83], [449, 92], [449, 92], [461, 83], [465, 80], [476, 104], [476, 102], [465, 127], [472, 121], [462, 133], [472, 126], [459, 132], [470, 125], [460, 130], [470, 127], [488, 127], [490, 126], [460, 152], [468, 152], [466, 193], [477, 189], [470, 199], [480, 196], [449, 199], [459, 196]], 0]
[[[445, 96], [443, 93], [443, 93], [443, 92], [443, 93], [443, 93], [443, 92], [446, 87], [446, 87], [449, 96], [449, 96], [461, 86], [465, 83], [476, 106], [474, 103], [464, 129], [468, 120], [459, 135], [468, 124], [456, 134], [465, 123], [458, 132], [465, 122], [486, 130], [489, 128], [454, 151], [465, 153], [464, 192], [477, 189], [468, 198], [480, 195], [449, 199], [461, 196]], 0]
[[[443, 99], [441, 96], [441, 95], [441, 95], [441, 96], [441, 95], [441, 95], [444, 90], [444, 90], [447, 98], [447, 98], [459, 88], [464, 84], [471, 108], [476, 111], [460, 132], [472, 132], [457, 138], [473, 138], [454, 136], [470, 137], [456, 135], [469, 135], [484, 131], [489, 128], [454, 153], [464, 151], [464, 194], [476, 188], [469, 199], [480, 193], [448, 199], [457, 201]], 0]
[[[442, 101], [439, 98], [439, 98], [440, 97], [440, 98], [440, 97], [440, 97], [443, 92], [443, 92], [446, 100], [447, 100], [459, 89], [463, 88], [474, 111], [477, 117], [458, 134], [469, 139], [454, 141], [466, 143], [451, 139], [461, 141], [452, 137], [462, 140], [483, 134], [487, 134], [452, 152], [462, 153], [463, 191], [476, 187], [468, 196], [481, 193], [448, 198], [462, 194]], 0]
[[[441, 103], [438, 100], [438, 99], [438, 99], [438, 100], [438, 100], [438, 100], [441, 94], [441, 96], [446, 102], [446, 103], [460, 93], [462, 90], [473, 114], [477, 112], [457, 135], [468, 138], [454, 143], [466, 143], [450, 140], [463, 143], [451, 138], [461, 138], [481, 137], [486, 134], [452, 154], [461, 152], [465, 194], [478, 188], [469, 200], [484, 194], [446, 201], [471, 201]], 0]
[[[440, 106], [437, 103], [438, 102], [438, 102], [437, 103], [437, 102], [438, 102], [441, 97], [441, 97], [445, 105], [445, 105], [460, 96], [460, 91], [472, 120], [474, 116], [454, 139], [464, 136], [450, 146], [461, 141], [447, 144], [455, 141], [448, 141], [456, 139], [482, 140], [483, 137], [449, 153], [453, 148], [465, 190], [476, 183], [470, 195], [488, 186], [449, 200], [469, 194]], 0]
[[[440, 108], [437, 105], [437, 104], [437, 104], [437, 105], [437, 105], [437, 105], [440, 99], [440, 101], [444, 107], [444, 108], [460, 97], [458, 93], [473, 121], [474, 119], [455, 142], [464, 138], [451, 148], [461, 143], [447, 145], [454, 142], [449, 143], [455, 140], [482, 143], [480, 139], [448, 152], [450, 148], [465, 190], [476, 182], [470, 194], [487, 185], [452, 201], [473, 201]], 0]
[[[440, 109], [437, 105], [437, 104], [437, 103], [436, 107], [436, 107], [436, 107], [440, 98], [439, 104], [445, 107], [444, 109], [459, 97], [457, 99], [469, 123], [467, 128], [452, 143], [458, 145], [450, 149], [453, 148], [447, 146], [449, 145], [448, 143], [452, 144], [484, 151], [481, 147], [449, 152], [450, 147], [467, 189], [471, 182], [471, 193], [476, 184], [452, 199], [460, 198]], 0]
[[[438, 112], [435, 109], [435, 108], [436, 107], [434, 110], [434, 110], [434, 110], [439, 101], [437, 107], [443, 111], [442, 113], [459, 101], [455, 104], [468, 129], [462, 133], [450, 148], [455, 150], [447, 153], [454, 156], [445, 151], [448, 152], [446, 148], [448, 151], [480, 162], [476, 159], [449, 156], [447, 148], [470, 188], [473, 180], [475, 190], [480, 182], [470, 206], [470, 201]], 0]
[[[436, 115], [434, 112], [434, 111], [434, 110], [433, 112], [433, 112], [434, 112], [437, 106], [437, 109], [441, 115], [441, 116], [457, 105], [455, 105], [464, 129], [461, 125], [449, 144], [451, 135], [446, 149], [448, 142], [444, 145], [445, 138], [445, 144], [446, 137], [480, 161], [477, 158], [450, 148], [445, 149], [468, 186], [471, 182], [475, 190], [479, 184], [467, 203], [467, 201]], 0]
[[[435, 120], [434, 116], [434, 115], [434, 114], [433, 117], [433, 117], [433, 117], [438, 109], [436, 114], [440, 119], [439, 121], [461, 108], [449, 115], [485, 136], [462, 146], [454, 143], [455, 160], [448, 149], [452, 164], [444, 145], [450, 162], [446, 144], [450, 161], [472, 173], [462, 174], [449, 149], [430, 163], [461, 186], [465, 177], [467, 188], [471, 175], [453, 202], [470, 189]], 0]
[[[436, 121], [434, 117], [434, 116], [435, 115], [433, 118], [433, 118], [433, 118], [438, 111], [436, 116], [440, 120], [439, 122], [462, 109], [447, 117], [479, 139], [451, 152], [452, 144], [445, 169], [446, 146], [444, 174], [444, 142], [442, 173], [446, 140], [443, 171], [474, 168], [459, 171], [454, 143], [431, 156], [461, 183], [464, 180], [466, 187], [473, 181], [458, 194], [472, 195]], 0]
[[[436, 125], [433, 121], [434, 121], [434, 120], [432, 122], [432, 122], [432, 122], [437, 115], [434, 119], [440, 124], [439, 125], [462, 111], [446, 114], [479, 142], [447, 141], [450, 144], [443, 147], [445, 149], [442, 151], [443, 145], [440, 148], [445, 143], [441, 146], [479, 166], [466, 168], [449, 155], [428, 164], [471, 188], [470, 185], [477, 188], [477, 183], [475, 205], [476, 201]], 0]
[[[444, 133], [442, 133], [442, 132], [442, 132], [442, 133], [442, 133], [442, 133], [441, 139], [441, 140], [446, 137], [446, 137], [444, 153], [444, 153], [467, 140], [462, 152], [450, 142], [449, 154], [444, 146], [447, 154], [442, 145], [445, 155], [444, 145], [446, 155], [482, 155], [480, 155], [446, 157], [444, 153], [472, 168], [473, 166], [476, 170], [477, 170], [471, 173], [478, 171]], 0]
[[[447, 149], [446, 147], [446, 146], [446, 146], [445, 149], [445, 149], [444, 150], [446, 145], [443, 151], [448, 149], [447, 151], [452, 144], [445, 163], [468, 142], [456, 176], [453, 145], [461, 181], [448, 146], [462, 184], [446, 146], [461, 182], [448, 146], [461, 181], [472, 159], [469, 169], [467, 156], [461, 170], [471, 165], [467, 165], [472, 166], [469, 164], [472, 169], [468, 163]], 0]
[[[437, 129], [434, 127], [434, 126], [435, 125], [434, 127], [434, 127], [434, 127], [437, 121], [436, 124], [442, 128], [441, 128], [457, 115], [447, 130], [476, 137], [447, 156], [450, 147], [439, 164], [445, 153], [437, 167], [441, 150], [435, 165], [442, 148], [436, 164], [481, 156], [473, 161], [442, 158], [434, 159], [469, 179], [466, 181], [476, 177], [474, 181], [469, 197], [469, 196]], 0]
[[[436, 131], [433, 129], [433, 129], [433, 128], [432, 130], [432, 129], [432, 129], [434, 124], [434, 125], [440, 130], [439, 131], [453, 120], [444, 127], [472, 141], [452, 154], [447, 149], [443, 149], [442, 153], [439, 152], [439, 151], [439, 149], [441, 149], [440, 149], [481, 157], [473, 159], [437, 158], [435, 156], [458, 183], [457, 182], [465, 183], [463, 184], [456, 199], [456, 192]], 0]
[[[437, 135], [435, 132], [435, 132], [435, 131], [434, 133], [434, 133], [434, 133], [437, 126], [435, 130], [440, 133], [439, 134], [456, 119], [444, 131], [474, 142], [452, 157], [449, 149], [438, 164], [443, 152], [433, 167], [441, 149], [431, 165], [442, 147], [433, 163], [479, 165], [469, 165], [440, 161], [428, 163], [470, 183], [460, 182], [477, 182], [470, 181], [473, 199], [466, 196]], 0]
[[[436, 137], [433, 134], [433, 134], [433, 134], [433, 135], [433, 135], [433, 134], [435, 131], [434, 131], [440, 136], [439, 136], [458, 128], [443, 138], [476, 144], [448, 163], [449, 149], [433, 164], [443, 152], [429, 165], [441, 150], [428, 163], [443, 148], [430, 163], [481, 158], [471, 162], [439, 159], [428, 159], [459, 183], [455, 182], [464, 184], [463, 184], [455, 194], [454, 192]], 0]
[[[438, 137], [435, 136], [435, 135], [435, 134], [435, 136], [435, 136], [435, 136], [435, 129], [435, 133], [441, 136], [440, 137], [455, 121], [443, 136], [476, 144], [451, 164], [449, 149], [441, 164], [442, 152], [438, 164], [439, 149], [436, 163], [441, 148], [437, 162], [481, 161], [470, 164], [438, 161], [431, 160], [458, 183], [457, 181], [463, 185], [463, 182], [457, 196], [458, 192]], 0]
[[[438, 139], [435, 137], [435, 136], [435, 136], [435, 137], [435, 137], [435, 137], [436, 131], [435, 133], [441, 137], [440, 138], [452, 124], [445, 130], [472, 145], [453, 157], [447, 149], [443, 159], [441, 152], [439, 164], [440, 148], [438, 163], [441, 147], [439, 161], [480, 167], [472, 167], [440, 161], [436, 159], [461, 185], [452, 184], [468, 186], [458, 186], [463, 199], [451, 196]], 0]
[[[440, 140], [438, 139], [438, 138], [438, 137], [437, 139], [437, 139], [436, 138], [438, 133], [437, 135], [443, 139], [442, 140], [455, 125], [443, 132], [473, 148], [451, 159], [449, 151], [440, 157], [442, 153], [436, 158], [440, 149], [435, 156], [442, 148], [437, 155], [478, 170], [468, 167], [440, 163], [428, 156], [466, 182], [461, 178], [470, 184], [467, 180], [469, 192], [463, 190]], 0]
[[[441, 141], [439, 140], [439, 139], [439, 139], [439, 140], [438, 140], [438, 140], [439, 135], [437, 137], [444, 140], [443, 141], [454, 127], [443, 133], [472, 148], [449, 161], [447, 151], [437, 160], [441, 153], [433, 161], [440, 149], [431, 159], [441, 148], [434, 158], [478, 170], [468, 168], [440, 162], [430, 157], [462, 183], [456, 178], [468, 185], [460, 180], [464, 193], [456, 189]], 0]
[[[439, 143], [437, 141], [437, 140], [437, 140], [437, 141], [436, 141], [436, 140], [437, 136], [436, 137], [442, 141], [442, 142], [453, 128], [443, 134], [474, 149], [453, 160], [449, 151], [441, 156], [443, 154], [438, 158], [441, 149], [436, 156], [442, 148], [437, 155], [478, 171], [472, 169], [437, 165], [434, 159], [463, 183], [460, 179], [469, 182], [467, 180], [465, 190], [464, 189]], 0]
[[[440, 144], [438, 141], [438, 141], [438, 140], [438, 143], [437, 143], [437, 142], [438, 134], [436, 139], [443, 142], [442, 143], [456, 125], [440, 140], [474, 148], [445, 166], [449, 153], [441, 161], [443, 155], [439, 161], [441, 151], [438, 159], [442, 150], [438, 155], [475, 170], [463, 172], [438, 162], [429, 164], [462, 182], [458, 182], [468, 182], [464, 182], [466, 194], [464, 192]], 0]
[[[441, 144], [439, 141], [439, 141], [439, 140], [438, 142], [437, 142], [437, 142], [438, 135], [436, 139], [443, 142], [442, 143], [458, 127], [439, 141], [475, 148], [446, 164], [449, 153], [442, 156], [442, 155], [441, 154], [440, 151], [438, 153], [442, 150], [440, 151], [475, 171], [466, 173], [438, 159], [427, 165], [466, 183], [463, 184], [472, 184], [470, 185], [470, 196], [470, 196]], 0]
[[[441, 144], [439, 143], [439, 142], [439, 141], [438, 143], [438, 143], [438, 142], [439, 138], [437, 140], [443, 143], [443, 144], [454, 131], [441, 136], [473, 150], [450, 159], [449, 152], [442, 155], [442, 154], [440, 157], [440, 149], [437, 157], [442, 148], [438, 153], [475, 170], [468, 169], [441, 164], [430, 155], [462, 182], [460, 180], [468, 183], [466, 182], [463, 192], [463, 191]], 0]
[[[441, 145], [439, 143], [439, 143], [439, 142], [438, 144], [438, 143], [437, 143], [438, 138], [436, 141], [443, 143], [442, 144], [455, 131], [439, 136], [474, 149], [451, 160], [449, 152], [442, 153], [442, 153], [439, 153], [440, 149], [437, 153], [442, 148], [438, 151], [475, 168], [468, 167], [438, 163], [433, 160], [467, 179], [463, 179], [472, 178], [469, 179], [473, 190], [468, 190]], 0]
[[[440, 144], [438, 142], [438, 141], [438, 141], [437, 142], [437, 142], [437, 142], [437, 137], [436, 139], [442, 143], [442, 143], [451, 131], [441, 137], [472, 150], [454, 163], [449, 150], [442, 159], [442, 152], [440, 159], [440, 148], [437, 156], [441, 147], [438, 155], [477, 170], [471, 169], [436, 164], [434, 159], [460, 182], [460, 180], [466, 182], [467, 180], [462, 193], [464, 189]], 0]
[[[440, 144], [438, 142], [437, 142], [437, 141], [437, 142], [437, 142], [436, 142], [437, 137], [436, 139], [442, 143], [442, 143], [453, 131], [443, 134], [472, 150], [454, 159], [448, 151], [443, 155], [442, 153], [440, 157], [440, 149], [437, 154], [441, 148], [439, 152], [476, 169], [471, 167], [439, 164], [434, 158], [463, 180], [460, 177], [469, 180], [467, 178], [465, 190], [463, 188]], 0]
[[[440, 145], [437, 143], [438, 142], [438, 141], [437, 144], [436, 144], [436, 144], [438, 135], [435, 140], [442, 142], [442, 143], [454, 125], [439, 138], [474, 148], [447, 167], [450, 151], [439, 166], [443, 153], [436, 166], [441, 149], [434, 164], [442, 148], [436, 163], [478, 170], [468, 172], [438, 163], [431, 163], [464, 182], [462, 180], [469, 182], [468, 180], [467, 192], [468, 189]], 0]
[[[439, 144], [436, 142], [437, 141], [437, 139], [436, 143], [435, 142], [435, 142], [438, 134], [434, 139], [442, 142], [441, 143], [458, 125], [440, 139], [474, 149], [443, 167], [448, 152], [441, 165], [442, 154], [440, 165], [440, 150], [439, 163], [441, 149], [440, 162], [474, 170], [462, 173], [439, 161], [425, 170], [467, 181], [461, 179], [472, 181], [466, 178], [472, 192], [469, 187]], 0]
[[[440, 144], [437, 142], [437, 142], [437, 141], [437, 143], [437, 143], [436, 143], [437, 136], [436, 139], [442, 142], [442, 143], [454, 126], [441, 138], [473, 149], [449, 164], [450, 151], [441, 160], [443, 153], [439, 159], [441, 149], [437, 156], [443, 148], [438, 154], [474, 171], [466, 170], [437, 163], [432, 160], [463, 180], [460, 179], [469, 180], [466, 180], [467, 190], [465, 190]], 0]
[[[439, 144], [437, 143], [437, 142], [437, 141], [436, 143], [436, 143], [436, 143], [437, 136], [435, 140], [442, 142], [441, 143], [454, 127], [440, 139], [473, 150], [451, 163], [449, 152], [442, 160], [443, 154], [439, 159], [441, 149], [437, 156], [442, 149], [438, 154], [474, 171], [467, 171], [437, 163], [432, 158], [459, 181], [458, 180], [466, 181], [465, 181], [460, 190], [461, 190]], 0]
[[[439, 145], [437, 143], [437, 143], [437, 142], [437, 144], [436, 144], [436, 144], [438, 138], [436, 141], [442, 144], [441, 144], [453, 131], [439, 138], [473, 151], [450, 164], [449, 152], [442, 162], [442, 154], [440, 162], [440, 149], [437, 161], [442, 149], [438, 156], [474, 171], [466, 171], [438, 163], [432, 159], [461, 182], [456, 181], [467, 183], [463, 183], [460, 190], [458, 192]], 0]
[[[441, 145], [438, 144], [438, 143], [438, 142], [438, 144], [437, 143], [437, 143], [437, 138], [435, 140], [442, 144], [442, 144], [451, 132], [440, 139], [472, 149], [452, 161], [448, 152], [443, 156], [441, 155], [439, 157], [439, 151], [439, 155], [441, 151], [439, 154], [478, 168], [470, 168], [438, 163], [430, 161], [462, 184], [458, 182], [468, 185], [464, 184], [460, 195], [458, 192]], 0]
[[[440, 145], [438, 144], [438, 143], [438, 142], [437, 144], [437, 144], [436, 143], [437, 138], [435, 141], [442, 144], [441, 145], [452, 131], [439, 140], [472, 149], [454, 160], [448, 152], [445, 154], [442, 154], [440, 155], [440, 151], [439, 153], [442, 150], [441, 152], [477, 169], [468, 169], [440, 163], [433, 162], [462, 184], [457, 181], [468, 184], [463, 182], [462, 195], [459, 191]], 0]
[[[440, 146], [437, 144], [437, 143], [437, 143], [436, 144], [436, 144], [436, 144], [437, 139], [435, 141], [442, 145], [441, 145], [451, 134], [440, 144], [473, 148], [451, 164], [448, 152], [443, 158], [442, 154], [440, 157], [440, 151], [438, 155], [442, 150], [439, 154], [476, 172], [470, 173], [441, 165], [434, 165], [465, 185], [458, 185], [472, 185], [465, 186], [466, 197], [459, 195]], 0]
[[[441, 143], [438, 141], [438, 141], [438, 141], [438, 141], [437, 141], [437, 140], [437, 139], [437, 138], [442, 143], [442, 143], [446, 145], [443, 143], [468, 153], [456, 162], [447, 153], [441, 159], [442, 155], [437, 158], [439, 152], [435, 158], [441, 151], [436, 158], [478, 171], [476, 170], [437, 165], [435, 163], [466, 186], [464, 184], [473, 188], [471, 186], [463, 193], [465, 193]], 0]
[[[438, 146], [437, 143], [436, 142], [436, 142], [434, 144], [434, 144], [433, 143], [437, 142], [436, 141], [438, 147], [438, 147], [448, 146], [442, 147], [470, 151], [456, 162], [448, 153], [444, 160], [442, 155], [440, 159], [440, 152], [439, 159], [441, 152], [440, 159], [477, 168], [474, 168], [438, 163], [433, 163], [459, 183], [461, 183], [465, 185], [468, 185], [455, 189], [461, 191]], 0]
[[[439, 145], [436, 143], [436, 143], [436, 142], [436, 144], [436, 143], [435, 143], [436, 139], [435, 140], [441, 145], [441, 145], [450, 142], [438, 146], [470, 148], [449, 164], [448, 152], [440, 158], [442, 154], [438, 156], [440, 151], [437, 156], [442, 150], [438, 155], [477, 170], [471, 171], [441, 163], [434, 163], [463, 182], [461, 183], [469, 184], [468, 185], [462, 189], [463, 191]], 0]
[[[439, 145], [437, 144], [438, 143], [438, 142], [437, 144], [436, 144], [436, 143], [438, 137], [435, 140], [442, 144], [442, 144], [454, 126], [438, 137], [476, 147], [449, 166], [449, 151], [440, 169], [443, 154], [437, 170], [440, 150], [436, 168], [442, 149], [437, 167], [480, 168], [470, 170], [441, 167], [433, 163], [462, 185], [458, 181], [468, 185], [464, 181], [463, 195], [460, 192]], 0]
[[[441, 143], [439, 141], [439, 141], [439, 140], [438, 142], [438, 141], [437, 141], [439, 137], [436, 139], [443, 142], [442, 143], [453, 129], [436, 140], [475, 148], [445, 165], [449, 152], [439, 167], [442, 154], [437, 169], [440, 149], [437, 167], [441, 149], [438, 166], [481, 167], [469, 171], [441, 162], [433, 161], [465, 182], [462, 182], [471, 185], [469, 184], [461, 191], [464, 191]], 0]
